x 26 y 28
visible 267
(0.0, (26, 17))
(0.0, (26, 16))
(0.0, (26, 11))
(0.0, (26, 8))
(2.1210963966614536, (27, 1))
(3.576334374997351, (27, 12))
(4.085616779974877, (28, 0))
(4.23639479905884, (28, 1))
(4.763641690726178, (27, 16))
(5.710593137499642, (27, 18))
(6.34019174590991, (27, 19))
(6.34019174590991, (29, 1))
(7.125016348901798, (28, 12))
(7.431407971172507, (29, 5))
(8.13010235415598, (27, 21))
(8.13010235415598, (28, 14))
(8.972626614896393, (29, 9))
(9.462322208025617, (29, 10))
(10.304846468766033, (30, 6))
(10.491477012331599, (31, 1))
(10.885527054658738, (31, 2))
(12.264773727892402, (31, 5))
(12.804266065286752, (31, 6))
(14.036243467926479, (28, 20))
(14.036243467926479, (33, 0))
(14.534455080540122, (33, 1))
(14.620873988631656, (32, 5))
(14.931417178137554, (30, 13))
(15.255118703057777, (32, 6))
(15.945395900922854, (28, 21))
(15.945395900922854, (30, 14))
(17.650124219930124, (33, 6))
(18.43494882292201, (29, 19))
(18.43494882292201, (30, 16))
(18.43494882292201, (33, 7))
(19.290046219188735, (33, 8))
(19.44003482817619, (32, 11))
(20.224859431168078, (33, 9))
(20.556045219583467, (29, 20))
(21.80140948635181, (32, 13))
(22.380135051959574, (33, 11))
(23.19859051364819, (29, 21))
(23.962488974578186, (30, 19))
(26.56505117707799, (30, 20))
(28.30075576600638, (33, 15))
(29.054604099077146, (31, 19))
(30.256437163529263, (33, 16))
(34.99202019855866, (33, 18))
(45.0, (27, 27))
(45.0, (32, 22))
(54.46232220802562, (33, 23))
(59.03624346792648, (31, 25))
(71.56505117707799, (29, 27))
(81.86989764584403, (33, 27))
(90.0, (33, 28))
(101.30993247402021, (31, 29))
(113.19859051364818, (33, 31))
(116.56505117707799, (28, 29))
(126.86989764584402, (30, 31))
(135.0, (27, 29))
(135.0, (30, 32))
(143.13010235415598, (29, 32))
(149.03624346792648, (29, 33))
(158.19859051364818, (28, 33))
(180.0, (26, 31))
(191.3099324740202, (25, 33))
(206.565051177078, (25, 30))
(213.69006752597977, (24, 31))
(218.65980825409008, (22, 33))
(225.0, (25, 29))
(233.13010235415598, (22, 31))
(236.30993247402023, (20, 32))
(245.55604521958347, (15, 33))
(246.0375110254218, (17, 32))
(247.38013505195957, (14, 33))
(248.19859051364818, (21, 30))
(249.44395478041653, (18, 31))
(250.34617594194668, (12, 33))
(251.56505117707798, (17, 31))
(251.56505117707798, (14, 32))
(251.56505117707798, (11, 33))
(253.6104596659652, (9, 33))
(254.47588900324575, (8, 33))
(257.19573393471325, (4, 33))
(257.4711922908485, (8, 32))
(257.9052429229879, (12, 31))
(258.69006752597977, (6, 32))
(259.695153531234, (4, 32))
(259.99202019855863, (9, 31))
(260.1341930569156, (3, 32))
(260.5376777919744, (20, 29))
(260.5376777919744, (14, 30))
(260.9097230791777, (1, 32))
(262.8749836510982, (2, 31))
(263.2901631922431, (9, 30))
(263.99099404250546, (7, 30))
(264.5596679689945, (5, 30))
(264.8055710922652, (4, 30))
(265.0302592718897, (3, 30))
(265.23635830927384, (14, 29))
(265.6012946450045, (0, 30))
(266.8201698801358, (8, 29))
(267.5104470780008, (3, 29))
(267.6140559696112, (2, 29))
(270.0, (25, 28))
(270.0, (23, 28))
(270.0, (21, 28))
(270.0, (15, 28))
(270.0, (9, 28))
(270.0, (7, 28))
(270.0, (1, 28))
(272.2025981617658, (0, 27))
(272.6025622024998, (4, 27))
(272.8624052261117, (6, 27))
(274.3987053549955, (13, 27))
(275.1944289077348, (15, 27))
(275.71059313749964, (16, 27))
(276.3401917459099, (8, 26))
(276.84277341263095, (1, 25))
(277.76516601842536, (4, 25))
(279.4623222080256, (8, 25))
(279.4623222080256, (2, 24))
(279.86580694308435, (3, 24))
(281.30993247402023, (21, 27))
(281.76828893202065, (2, 23))
(282.2647737278924, (3, 23))
(282.9946167919165, (13, 25))
(283.2405199151872, (9, 24))
(283.49573328079583, (1, 22))
(284.6208739886317, (3, 22))
(284.93141717813756, (11, 24))
(285.25511870305775, (15, 25))
(285.6422464572087, (1, 21))
(285.94539590092285, (5, 22))
(286.3895403340348, (9, 23))
(288.434948822922, (8, 22))
(290.22485943116806, (7, 21))
(290.55604521958344, (2, 19))
(291.0375110254218, (0, 18))
(291.8014094863518, (6, 20))
(292.61986494804046, (14, 23))
(292.83365417791754, (7, 20))
(294.77514056883194, (0, 16))
(295.01689347810003, (11, 21))
(295.2011236454751, (9, 20))
(295.3461759419467, (7, 19))
(295.6410058243053, (1, 16))
(296.565051177078, (22, 26))
(296.565051177078, (10, 20))
(297.5528115767178, (3, 16))
(298.44292862436333, (2, 15))
(299.05460409907715, (8, 18))
(299.47588900324575, (3, 15))
(299.7448812969422, (12, 20))
(299.9816393688493, (0, 13))
(300.25643716352926, (2, 14))
(300.9637565320735, (21, 25))
(300.9637565320735, (1, 13))
(301.6075022462489, (13, 20))
(301.75948008481276, (5, 15))
(302.2756443145776, (7, 16))
(302.7352262721076, (12, 19))
(302.9052429229879, (9, 17))
(303.11134196037204, (3, 13))
(303.69006752597977, (11, 18))
(303.69006752597977, (8, 16))
(305.2175929681927, (9, 16))
(305.5376777919744, (19, 23))
(305.75388725443673, (1, 10))
(306.25383773744477, (11, 17))
(306.86989764584405, (14, 19))
(307.3039482779834, (5, 12))
(307.5685920288275, (13, 18))
(308.0470425318261, (3, 10))
(308.99099404250546, (5, 11))
(309.8055710922652, (20, 23))
(309.8055710922652, (2, 8))
(310.3645365730973, (6, 11))
(311.18592516570965, (2, 7))
(311.4236656250026, (9, 13))
(311.6335393365702, (17, 20))
(311.98721249581666, (16, 19))
(311.98721249581666, (6, 10))
(312.2736890060937, (15, 18))
(313.2642954110716, (9, 12))
(313.3634229583833, (8, 11))
(313.451842301022, (7, 10))
(313.83086067209257, (1, 4))
(315.0, (25, 27))
(315.0, (24, 26))
(315.0, (17, 19))
(315.0, (14, 16))
(315.0, (9, 11))
(315.0, (6, 8))
(315.0, (4, 6))
(315.0, (2, 4))
(315.0, (0, 2))
(316.0809241866607, (0, 1))
(316.16913932790743, (2, 3))
(316.6365770416167, (9, 10))
(316.7357045889284, (10, 11))
(316.8476102659946, (11, 12))
(317.12109639666147, (0, 0))
(317.6025622024998, (5, 5))
(317.7263109939063, (6, 6))
(317.8624052261117, (7, 7))
(318.6522227803063, (4, 3))
(318.81407483429035, (5, 4))
(319.0856167799749, (13, 13))
(319.18491612511843, (7, 6))
(319.3987053549955, (20, 21))
(319.5739212599009, (3, 1))
(319.76364169072616, (15, 15))
(320.1944289077348, (21, 22))
(320.1944289077348, (11, 10))
(320.4403320310055, (7, 5))
(320.71059313749964, (17, 17))
(320.9061411137705, (13, 12))
(321.3401917459099, (18, 18))
(322.30575953331083, (9, 6))
(322.59464336859145, (13, 11))
(322.6960517220166, (10, 7))
(323.13010235415595, (17, 16))
(323.13010235415595, (5, 0))
(323.47114463301483, (6, 1))
(323.84181456019166, (7, 2))
(323.9726266148964, (10, 6))
(324.16234704572173, (13, 10))
(324.24611274556327, (8, 3))
(324.4623222080256, (16, 14))
(324.4623222080256, (11, 7))
(324.6887865603668, (9, 4))
(324.86580694308435, (7, 1))
(325.00797980144137, (19, 18))
(325.1755108430432, (10, 5))
(325.304846468766, (17, 15))
(325.61965527615513, (13, 9))
(326.30993247402023, (12, 7))
(326.30993247402023, (10, 4))
(326.82148834060723, (9, 2))
(326.88865803962796, (11, 5))
(326.97613244420336, (13, 8))
(327.2647737278924, (17, 14))
(327.5288077091515, (12, 6))
(327.9946167919165, (21, 20))
(328.2405199151872, (13, 7))
(328.3924977537511, (18, 15))
(328.5704343851615, (15, 10))
(329.03624346792645, (23, 23))
(329.93141717813756, (15, 9))
(330.01836063115064, (11, 2))
(330.2551187030578, (18, 14))
(330.94539590092285, (11, 1))
(331.18920625702697, (15, 8))
(331.82140989004085, (11, 0))
(331.92751306414704, (18, 13))
(333.434948822922, (22, 20))
(334.4400348281762, (15, 5))
(335.22485943116806, (20, 15))
(336.8014094863518, (20, 14))
(337.3801350519596, (21, 16))
(337.6198649480404, (19, 11))
(337.7509763427876, (17, 6))
(338.1985905136482, (18, 8))
(338.1985905136482, (16, 3))
(338.55226367289464, (15, 0))
(338.9624889745782, (21, 15))
(339.44395478041656, (20, 12))
(339.44395478041656, (17, 4))
(340.01689347810003, (18, 6))
(340.82099197418927, (18, 5))
(340.90650799951436, (17, 2))
(341.565051177078, (22, 16))
(341.565051177078, (18, 4))
(342.1811110854772, (17, 0))
(342.2553283749431, (18, 3))
(342.34987578006985, (19, 6))
(342.4744316262771, (20, 9))
(342.89727103094765, (22, 15))
(342.89727103094765, (18, 2))
(343.07248693585296, (19, 5))
(343.495638618245, (18, 1))
(343.6104596659652, (21, 11))
(344.05460409907715, (22, 14))
(344.3577535427913, (19, 3))
(345.06858282186244, (22, 13))
(345.25643716352926, (21, 9))
(345.96375653207355, (24, 20))
(345.96375653207355, (23, 16))
(345.96375653207355, (22, 12))
(345.96375653207355, (21, 8))
(345.96375653207355, (20, 4))
(347.0053832080835, (23, 15))
(347.19573393471325, (21, 6))
(347.4711922908485, (24, 19))
(347.9052429229879, (23, 14))
(348.69006752597977, (25, 23))
(349.2157021324374, (22, 7))
(350.5376777919744, (23, 10))
(350.5376777919744, (22, 4))
(350.9097230791777, (22, 3))
(351.46923439005184, (23, 8))
(351.86989764584405, (25, 21))
(351.86989764584405, (23, 7))
(353.2901631922431, (24, 11))
(353.418055344822, (23, 2))
(353.8844964337146, (23, 0))
(354.28940686250036, (25, 18))
(355.7636052009412, (24, 1))
(356.18592516570965, (25, 13))
(356.6335393365702, (25, 11))
(357.1375947738882, (25, 8))
(357.5104470780008, (25, 5))
(357.7974018382342, (25, 2))
(357.95459151111277, (25, 0))
---
0 (0.0, (26, 17)) 0.0 1
1 (0.0, (26, 17)) 0.0 1
2 (0.0, (26, 17)) 0.0 1
3 (0.0, (26, 17)) 0.0 1
3 (2.1210963966614536, (27, 1)) 2.1210963966614536 2
3 (3.576334374997351, (27, 12)) 3.576334374997351 3
3 (4.085616779974877, (28, 0)) 4.085616779974877 4
3 (4.23639479905884, (28, 1)) 4.23639479905884 5
3 (4.763641690726178, (27, 16)) 4.763641690726178 6
3 (5.710593137499642, (27, 18)) 5.710593137499642 7
3 (6.34019174590991, (27, 19)) 6.34019174590991 8
4 (6.34019174590991, (27, 19)) 6.34019174590991 8
4 (7.125016348901798, (28, 12)) 7.125016348901798 9
4 (7.431407971172507, (29, 5)) 7.431407971172507 10
4 (8.13010235415598, (27, 21)) 8.13010235415598 11
5 (8.13010235415598, (27, 21)) 8.13010235415598 11
5 (8.972626614896393, (29, 9)) 8.972626614896393 12
5 (9.462322208025617, (29, 10)) 9.462322208025617 13
5 (10.304846468766033, (30, 6)) 10.304846468766033 14
5 (10.491477012331599, (31, 1)) 10.491477012331599 15
5 (10.885527054658738, (31, 2)) 10.885527054658738 16
5 (12.264773727892402, (31, 5)) 12.264773727892402 17
5 (12.804266065286752, (31, 6)) 12.804266065286752 18
5 (14.036243467926479, (28, 20)) 14.036243467926479 19
6 (14.036243467926479, (28, 20)) 14.036243467926479 19
6 (14.534455080540122, (33, 1)) 14.534455080540122 20
6 (14.620873988631656, (32, 5)) 14.620873988631656 21
6 (14.931417178137554, (30, 13)) 14.931417178137554 22
6 (15.255118703057777, (32, 6)) 15.255118703057777 23
6 (15.945395900922854, (28, 21)) 15.945395900922854 24
7 (15.945395900922854, (28, 21)) 15.945395900922854 24
7 (17.650124219930124, (33, 6)) 17.650124219930124 25
7 (18.43494882292201, (29, 19)) 18.43494882292201 26
8 (18.43494882292201, (29, 19)) 18.43494882292201 26
9 (18.43494882292201, (29, 19)) 18.43494882292201 26
9 (19.290046219188735, (33, 8)) 19.290046219188735 27
9 (19.44003482817619, (32, 11)) 19.44003482817619 28
9 (20.224859431168078, (33, 9)) 20.224859431168078 29
9 (20.556045219583467, (29, 20)) 20.556045219583467 30
9 (21.80140948635181, (32, 13)) 21.80140948635181 31
9 (22.380135051959574, (33, 11)) 22.380135051959574 32
9 (23.19859051364819, (29, 21)) 23.19859051364819 33
9 (23.962488974578186, (30, 19)) 23.962488974578186 34
9 (26.56505117707799, (30, 20)) 26.56505117707799 35
9 (28.30075576600638, (33, 15)) 28.30075576600638 36
9 (29.054604099077146, (31, 19)) 29.054604099077146 37
9 (30.256437163529263, (33, 16)) 30.256437163529263 38
9 (34.99202019855866, (33, 18)) 34.99202019855866 39
9 (45.0, (27, 27)) 45.0 40
10 (45.0, (27, 27)) 45.0 40
10 (54.46232220802562, (33, 23)) 54.46232220802562 41
10 (59.03624346792648, (31, 25)) 59.03624346792648 42
10 (71.56505117707799, (29, 27)) 71.56505117707799 43
10 (81.86989764584403, (33, 27)) 81.86989764584403 44
10 (90.0, (33, 28)) 90.0 45
10 (101.30993247402021, (31, 29)) 101.30993247402021 46
10 (113.19859051364818, (33, 31)) 113.19859051364818 47
10 (116.56505117707799, (28, 29)) 116.56505117707799 48
10 (126.86989764584402, (30, 31)) 126.86989764584402 49
10 (135.0, (27, 29)) 135.0 50
11 (135.0, (27, 29)) 135.0 50
11 (143.13010235415598, (29, 32)) 143.13010235415598 51
11 (149.03624346792648, (29, 33)) 149.03624346792648 52
11 (158.19859051364818, (28, 33)) 158.19859051364818 53
11 (180.0, (26, 31)) 180.0 54
11 (191.3099324740202, (25, 33)) 191.3099324740202 55
11 (206.565051177078, (25, 30)) 206.565051177078 56
11 (213.69006752597977, (24, 31)) 213.69006752597977 57
11 (218.65980825409008, (22, 33)) 218.65980825409008 58
11 (225.0, (25, 29)) 225.0 59
11 (233.13010235415598, (22, 31)) 233.13010235415598 60
11 (236.30993247402023, (20, 32)) 236.30993247402023 61
11 (245.55604521958347, (15, 33)) 245.55604521958347 62
11 (246.0375110254218, (17, 32)) 246.0375110254218 63
11 (247.38013505195957, (14, 33)) 247.38013505195957 64
11 (248.19859051364818, (21, 30)) 248.19859051364818 65
11 (249.44395478041653, (18, 31)) 249.44395478041653 66
11 (250.34617594194668, (12, 33)) 250.34617594194668 67
11 (251.56505117707798, (17, 31)) 251.56505117707798 68
12 (251.56505117707798, (17, 31)) 251.56505117707798 68
13 (251.56505117707798, (17, 31)) 251.56505117707798 68
13 (253.6104596659652, (9, 33)) 253.6104596659652 69
13 (254.47588900324575, (8, 33)) 254.47588900324575 70
13 (257.19573393471325, (4, 33)) 257.19573393471325 71
13 (257.4711922908485, (8, 32)) 257.4711922908485 72
13 (257.9052429229879, (12, 31)) 257.9052429229879 73
13 (258.69006752597977, (6, 32)) 258.69006752597977 74
13 (259.695153531234, (4, 32)) 259.695153531234 75
13 (259.99202019855863, (9, 31)) 259.99202019855863 76
13 (260.1341930569156, (3, 32)) 260.1341930569156 77
13 (260.5376777919744, (20, 29)) 260.5376777919744 78
14 (260.5376777919744, (20, 29)) 260.5376777919744 78
14 (260.9097230791777, (1, 32)) 260.9097230791777 79
14 (262.8749836510982, (2, 31)) 262.8749836510982 80
14 (263.2901631922431, (9, 30)) 263.2901631922431 81
14 (263.99099404250546, (7, 30)) 263.99099404250546 82
14 (264.5596679689945, (5, 30)) 264.5596679689945 83
14 (264.8055710922652, (4, 30)) 264.8055710922652 84
14 (265.0302592718897, (3, 30)) 265.0302592718897 85
14 (265.23635830927384, (14, 29)) 265.23635830927384 86
14 (265.6012946450045, (0, 30)) 265.6012946450045 87
14 (266.8201698801358, (8, 29)) 266.8201698801358 88
14 (267.5104470780008, (3, 29)) 267.5104470780008 89
14 (267.6140559696112, (2, 29)) 267.6140559696112 90
14 (270.0, (25, 28)) 270.0 91
15 (270.0, (25, 28)) 270.0 91
16 (270.0, (25, 28)) 270.0 91
17 (270.0, (25, 28)) 270.0 91
18 (270.0, (25, 28)) 270.0 91
19 (270.0, (25, 28)) 270.0 91
20 (270.0, (25, 28)) 270.0 91
20 (272.2025981617658, (0, 27)) 272.2025981617658 92
20 (272.6025622024998, (4, 27)) 272.6025622024998 93
20 (272.8624052261117, (6, 27)) 272.8624052261117 94
20 (274.3987053549955, (13, 27)) 274.3987053549955 95
20 (275.1944289077348, (15, 27)) 275.1944289077348 96
20 (275.71059313749964, (16, 27)) 275.71059313749964 97
20 (276.3401917459099, (8, 26)) 276.3401917459099 98
20 (276.84277341263095, (1, 25)) 276.84277341263095 99
20 (277.76516601842536, (4, 25)) 277.76516601842536 100
20 (279.4623222080256, (8, 25)) 279.4623222080256 101
21 (279.4623222080256, (8, 25)) 279.4623222080256 101
21 (279.86580694308435, (3, 24)) 279.86580694308435 102
21 (281.30993247402023, (21, 27)) 281.30993247402023 103
21 (281.76828893202065, (2, 23)) 281.76828893202065 104
21 (282.2647737278924, (3, 23)) 282.2647737278924 105
21 (282.9946167919165, (13, 25)) 282.9946167919165 106
21 (283.2405199151872, (9, 24)) 283.2405199151872 107
21 (283.49573328079583, (1, 22)) 283.49573328079583 108
21 (284.6208739886317, (3, 22)) 284.6208739886317 109
21 (284.93141717813756, (11, 24)) 284.93141717813756 110
21 (285.25511870305775, (15, 25)) 285.25511870305775 111
21 (285.6422464572087, (1, 21)) 285.6422464572087 112
21 (285.94539590092285, (5, 22)) 285.94539590092285 113
21 (286.3895403340348, (9, 23)) 286.3895403340348 114
21 (288.434948822922, (8, 22)) 288.434948822922 115
21 (290.22485943116806, (7, 21)) 290.22485943116806 116
21 (290.55604521958344, (2, 19)) 290.55604521958344 117
21 (291.0375110254218, (0, 18)) 291.0375110254218 118
21 (291.8014094863518, (6, 20)) 291.8014094863518 119
21 (292.61986494804046, (14, 23)) 292.61986494804046 120
21 (292.83365417791754, (7, 20)) 292.83365417791754 121
21 (294.77514056883194, (0, 16)) 294.77514056883194 122
21 (295.01689347810003, (11, 21)) 295.01689347810003 123
21 (295.2011236454751, (9, 20)) 295.2011236454751 124
21 (295.3461759419467, (7, 19)) 295.3461759419467 125
21 (295.6410058243053, (1, 16)) 295.6410058243053 126
21 (296.565051177078, (22, 26)) 296.565051177078 127
22 (296.565051177078, (22, 26)) 296.565051177078 127
22 (297.5528115767178, (3, 16)) 297.5528115767178 128
22 (298.44292862436333, (2, 15)) 298.44292862436333 129
22 (299.05460409907715, (8, 18)) 299.05460409907715 130
22 (299.47588900324575, (3, 15)) 299.47588900324575 131
22 (299.7448812969422, (12, 20)) 299.7448812969422 132
22 (299.9816393688493, (0, 13)) 299.9816393688493 133
22 (300.25643716352926, (2, 14)) 300.25643716352926 134
22 (300.9637565320735, (21, 25)) 300.9637565320735 135
23 (300.9637565320735, (21, 25)) 300.9637565320735 135
23 (301.6075022462489, (13, 20)) 301.6075022462489 136
23 (301.75948008481276, (5, 15)) 301.75948008481276 137
23 (302.2756443145776, (7, 16)) 302.2756443145776 138
23 (302.7352262721076, (12, 19)) 302.7352262721076 139
23 (302.9052429229879, (9, 17)) 302.9052429229879 140
23 (303.11134196037204, (3, 13)) 303.11134196037204 141
23 (303.69006752597977, (11, 18)) 303.69006752597977 142
24 (303.69006752597977, (11, 18)) 303.69006752597977 142
24 (305.2175929681927, (9, 16)) 305.2175929681927 143
24 (305.5376777919744, (19, 23)) 305.5376777919744 144
24 (305.75388725443673, (1, 10)) 305.75388725443673 145
24 (306.25383773744477, (11, 17)) 306.25383773744477 146
24 (306.86989764584405, (14, 19)) 306.86989764584405 147
24 (307.3039482779834, (5, 12)) 307.3039482779834 148
24 (307.5685920288275, (13, 18)) 307.5685920288275 149
24 (308.0470425318261, (3, 10)) 308.0470425318261 150
24 (308.99099404250546, (5, 11)) 308.99099404250546 151
24 (309.8055710922652, (20, 23)) 309.8055710922652 152
25 (309.8055710922652, (20, 23)) 309.8055710922652 152
25 (310.3645365730973, (6, 11)) 310.3645365730973 153
25 (311.18592516570965, (2, 7)) 311.18592516570965 154
25 (311.4236656250026, (9, 13)) 311.4236656250026 155
25 (311.6335393365702, (17, 20)) 311.6335393365702 156
25 (311.98721249581666, (16, 19)) 311.98721249581666 157
26 (311.98721249581666, (16, 19)) 311.98721249581666 157
26 (312.2736890060937, (15, 18)) 312.2736890060937 158
26 (313.2642954110716, (9, 12)) 313.2642954110716 159
26 (313.3634229583833, (8, 11)) 313.3634229583833 160
26 (313.451842301022, (7, 10)) 313.451842301022 161
26 (313.83086067209257, (1, 4)) 313.83086067209257 162
26 (315.0, (25, 27)) 315.0 163
27 (315.0, (25, 27)) 315.0 163
28 (315.0, (25, 27)) 315.0 163
29 (315.0, (25, 27)) 315.0 163
30 (315.0, (25, 27)) 315.0 163
31 (315.0, (25, 27)) 315.0 163
32 (315.0, (25, 27)) 315.0 163
33 (315.0, (25, 27)) 315.0 163
34 (315.0, (25, 27)) 315.0 163
34 (316.0809241866607, (0, 1)) 316.0809241866607 164
34 (316.16913932790743, (2, 3)) 316.16913932790743 165
34 (316.6365770416167, (9, 10)) 316.6365770416167 166
34 (316.7357045889284, (10, 11)) 316.7357045889284 167
34 (316.8476102659946, (11, 12)) 316.8476102659946 168
34 (317.12109639666147, (0, 0)) 317.12109639666147 169
34 (317.6025622024998, (5, 5)) 317.6025622024998 170
34 (317.7263109939063, (6, 6)) 317.7263109939063 171
34 (317.8624052261117, (7, 7)) 317.8624052261117 172
34 (318.6522227803063, (4, 3)) 318.6522227803063 173
34 (318.81407483429035, (5, 4)) 318.81407483429035 174
34 (319.0856167799749, (13, 13)) 319.0856167799749 175
34 (319.18491612511843, (7, 6)) 319.18491612511843 176
34 (319.3987053549955, (20, 21)) 319.3987053549955 177
34 (319.5739212599009, (3, 1)) 319.5739212599009 178
34 (319.76364169072616, (15, 15)) 319.76364169072616 179
34 (320.1944289077348, (21, 22)) 320.1944289077348 180
35 (320.1944289077348, (21, 22)) 320.1944289077348 180
35 (320.4403320310055, (7, 5)) 320.4403320310055 181
35 (320.71059313749964, (17, 17)) 320.71059313749964 182
35 (320.9061411137705, (13, 12)) 320.9061411137705 183
35 (321.3401917459099, (18, 18)) 321.3401917459099 184
35 (322.30575953331083, (9, 6)) 322.30575953331083 185
35 (322.59464336859145, (13, 11)) 322.59464336859145 186
35 (322.6960517220166, (10, 7)) 322.6960517220166 187
35 (323.13010235415595, (17, 16)) 323.13010235415595 188
36 (323.13010235415595, (17, 16)) 323.13010235415595 188
36 (323.47114463301483, (6, 1)) 323.47114463301483 189
36 (323.84181456019166, (7, 2)) 323.84181456019166 190
36 (323.9726266148964, (10, 6)) 323.9726266148964 191
36 (324.16234704572173, (13, 10)) 324.16234704572173 192
36 (324.24611274556327, (8, 3)) 324.24611274556327 193
36 (324.4623222080256, (16, 14)) 324.4623222080256 194
37 (324.4623222080256, (16, 14)) 324.4623222080256 194
37 (324.6887865603668, (9, 4)) 324.6887865603668 195
37 (324.86580694308435, (7, 1)) 324.86580694308435 196
37 (325.00797980144137, (19, 18)) 325.00797980144137 197
37 (325.1755108430432, (10, 5)) 325.1755108430432 198
37 (325.304846468766, (17, 15)) 325.304846468766 199
vaporized 200: (13, 9) 1309
